15.85 16.48
4.86 -1.27
17.08 14.78
19.01 18.60
16.34 11.96
18.01 12.95
13.96 5.95
9.53 7.91
15.59 13.28
15.84 13.73
14.89 14.57
16.81 11.91
17.28 14.68
16.30 12.82
16.51 13.61
19.03 10.96
15.91 15.92
12.22 10.80
15.31 14.80
7.81 5.11
18.02 16.80
18.81 12.86
19.08 18.76
17.53 14.95
14.87 16.68
20.98 15.29
17.27 11.42
-3.32 2.21
17.25 16.55
17.99 13.33
16.91 13.60
15.68 13.67
16.69 12.02
16.49 13.29
15.77 11.70
16.84 17.41
13.06 7.69
14.15 12.95
11.01 9.65
15.35 14.28
3.07 -0.60
7.39 0.58
15.61 16.62
17.49 13.87
16.97 15.36
16.88 15.39
17.71 15.45
13.27 11.32
16.39 16.92
18.06 16.03
12.71 9.44
18.01 13.64
6.06 2.92
17.26 14.14
9.65 3.72
14.83 11.62
14.24 10.03
17.25 16.70
18.06 15.06
14.52 13.27
19.24 13.59
15.86 12.87
16.46 15.48
15.29 14.13
14.87 15.48
18.72 14.67
15.61 16.05
13.01 13.57
16.96 13.06
8.30 5.82
16.06 12.27
18.52 11.97
15.24 11.71
6.85 -2.70
11.67 7.79
17.24 16.09
6.72 -1.66
16.97 13.55
7.69 -0.72
17.11 13.91
18.63 13.42
14.56 10.34
13.47 9.51
15.88 10.12
17.32 14.61
18.20 15.07
18.54 13.19
18.40 12.94
17.01 14.64
18.67 15.00
8.71 6.70
18.67 14.80
2.61 4.76
7.65 6.52
-2.11 -2.72
18.06 14.34
16.24 12.54
17.09 14.62
16.55 13.98
15.83 12.28
17.45 13.95
20.34 15.91
17.80 13.06
3.08 -0.38
17.19 14.01
0.32 -2.09
18.79 16.83
15.43 11.97
15.04 14.24
-3.41 -2.22
14.59 13.72
8.72 1.95
8.93 8.25
15.85 11.28
15.98 16.13
15.83 13.62
12.17 11.04
18.24 14.56
14.62 13.85
16.56 14.77
20.02 16.38
18.31 13.12
15.98 14.62
18.67 18.34
14.92 15.66
16.35 14.82
17.53 13.84
17.50 15.34
15.83 13.27
14.36 13.97
8.16 7.60
22.92 14.63
14.59 10.69
15.55 14.32
17.73 13.26
16.66 15.52
18.82 14.06
16.41 16.17
16.10 15.75
13.26 10.52
16.44 12.14
15.62 14.75
16.22 15.28
11.76 7.52
9.55 9.15
17.81 15.09
18.84 14.24
18.10 16.08
17.60 14.34
10.47 5.74
16.45 15.58
16.22 15.07
2.68 1.46
15.72 11.95
18.77 12.64
0.37 3.53
18.64 18.79
18.52 14.46
17.01 12.98
16.06 15.08
16.31 12.19
12.17 11.04
17.31 15.89
15.15 9.67
9.62 8.76
17.72 13.65
12.68 13.14
16.09 14.34
15.95 14.15
19.54 15.05
16.59 13.48
16.77 14.91
16.32 16.45
16.11 17.50
17.65 16.45
20.96 14.60
15.32 11.67
17.80 15.79
11.42 7.31
17.56 12.30
16.40 14.08
14.40 15.67
2.98 -0.14
15.30 15.91
16.00 14.40
14.32 11.32
20.92 17.82
3.22 -1.16
11.78 10.52
15.60 15.20
10.46 8.07
2.22 2.68
16.67 14.52
21.62 12.27
15.61 12.59
16.73 15.57
15.15 10.86
17.76 17.60
16.66 13.77
5.82 1.91
17.87 15.84
13.39 9.61
17.34 15.31
12.51 8.64
7.22 -2.45
15.35 13.83
16.78 16.41
17.60 14.17
17.29 13.98
3.75 -1.92
18.22 16.48
4.85 2.93
16.05 16.25
17.70 12.55
17.70 11.84
16.48 16.75
13.87 13.06
15.40 13.90
-2.97 -0.26
17.28 14.85
17.97 18.46
16.36 12.42
16.84 15.27
14.49 13.92
18.68 13.10
15.64 13.17
16.18 12.71
17.50 14.95
6.80 5.68
18.97 12.35
12.86 11.14
18.38 16.70
15.83 11.70
15.55 14.86
15.49 14.63
15.26 13.30
20.17 16.33
16.58 12.69
14.85 11.31
16.04 13.08
16.47 15.77
16.67 12.41
4.82 2.29
7.57 2.47
8.07 3.32
13.54 11.37
15.67 11.66
16.69 17.68
18.08 17.12
16.55 11.58
8.40 6.67
20.45 16.19
15.75 17.59
17.79 14.32
13.47 13.57
20.51 15.48
14.81 13.67
10.28 4.59
16.63 14.05
19.87 13.99
15.29 12.33
16.83 15.59
13.91 15.88
15.78 14.62
14.94 11.93
9.74 9.53
20.62 17.07
13.68 15.74
17.31 16.57
13.27 10.26
16.44 13.06
13.93 15.28
13.51 12.13
20.73 12.33
15.53 17.04
17.13 13.04
13.98 8.65
18.60 17.90
17.94 12.70
18.93 12.85
15.87 15.79
18.64 14.34
4.32 -0.66
16.84 12.29
18.06 14.31
4.21 -1.29
17.54 15.61
5.72 0.50
16.52 15.08
19.42 12.82
15.83 16.22
19.18 11.88
16.01 13.05
17.66 14.26
15.07 13.25
17.72 13.82
19.49 16.05
17.16 12.96
15.00 15.11
15.07 14.75
18.73 18.31
15.58 15.54
6.26 0.87
16.20 14.35
15.46 13.90
14.77 14.92
13.54 14.79
15.56 13.46
15.70 11.27
15.85 13.67
16.97 15.15
16.86 13.93
15.57 13.58
14.19 8.78
8.93 -0.68
16.96 11.22
16.63 14.32
4.79 -4.23
1.24 1.25
15.63 15.06
2.84 6.26
8.98 5.52
17.49 11.98
16.61 15.16
15.61 15.49
18.04 13.18
17.58 14.58
18.21 12.96
15.14 13.17
11.24 10.10
9.53 -5.43
20.52 16.12
14.67 15.90
18.40 17.47
17.09 12.88
15.49 13.54
4.08 -4.20
18.62 13.26
18.21 16.96
17.45 10.58
17.56 15.93
15.08 10.25
19.94 16.82
16.79 17.34
19.90 16.34
21.10 13.31
14.95 15.77
14.85 14.24
11.07 10.42
18.22 12.57
16.85 14.78
14.24 10.12
9.35 0.65
8.63 7.55
17.79 12.46
21.17 22.20
16.27 15.22
17.83 14.27
17.25 13.63
16.60 15.20
12.82 8.14
15.10 17.61
16.97 16.66
16.93 11.75
13.24 13.18
15.47 13.48
18.44 13.87
8.88 8.46
18.42 15.50
13.50 13.84
8.07 5.90
15.88 15.42
17.21 14.15
14.78 12.31
18.99 15.26
16.00 14.95
18.28 10.96
19.88 16.14
12.23 10.47
15.60 9.63
8.14 6.58
15.85 14.87
17.37 13.60
18.60 14.96
16.59 12.39
5.81 6.08
17.21 12.96
15.57 14.84
18.65 12.59
5.43 2.92
-1.36 -1.94
19.27 14.85
-0.37 0.05
15.31 13.79
16.36 12.26
16.43 13.81
7.04 0.05
16.37 12.49
19.11 13.80
18.41 14.57
16.09 17.60
16.69 17.69
14.80 13.25
15.50 15.78
17.09 12.92
16.89 12.78
17.54 13.07
16.85 13.00
15.01 13.25
19.19 16.20
14.48 9.04
12.43 11.96
15.56 9.45
4.89 1.96
9.13 3.81
14.85 10.34
12.93 8.86
9.85 9.74
16.70 15.63
12.64 7.90
14.96 16.13
13.19 10.15
13.52 14.49
15.54 13.18
15.35 13.05
18.04 15.35
10.26 9.98
20.07 12.54
17.26 14.57
16.85 17.00
16.49 14.93
13.07 12.35
17.55 13.52
11.07 9.07
0.11 -4.06
14.13 14.19
18.95 16.78
21.26 15.47
14.81 9.46
18.47 12.57
14.21 15.77
13.21 11.89
15.56 14.98
18.76 15.22
18.00 17.30
17.79 14.96
17.20 15.80
20.13 12.73
16.83 13.64
13.35 11.77
15.98 10.97
17.90 14.90
19.34 14.56
16.22 14.58
17.06 14.93
15.38 12.67
15.05 12.81
19.19 13.68
7.02 4.19
20.42 15.88
16.99 14.78
17.45 13.61
21.02 14.67
13.10 6.79
2.30 1.53
16.81 14.02
8.53 2.52
16.52 12.43
18.94 13.65
16.39 14.28
17.65 15.44
16.29 13.40
17.86 13.99
19.78 14.78
19.61 15.04
16.71 16.25
18.34 15.27
18.73 14.26
17.36 14.81
12.82 10.04
16.93 12.38
6.45 -1.29
18.65 16.93
18.80 19.83
12.77 13.43
8.25 4.63
16.80 17.26
15.52 13.14
17.27 13.73
11.64 11.57
22.77 17.94
18.81 10.35
13.67 11.77
8.08 4.60
12.50 12.83
7.21 6.90
16.29 15.00
18.84 13.54
14.36 10.21
8.63 2.01
13.84 14.34
17.11 16.11
16.62 13.34
18.23 15.91
15.56 15.22
18.08 13.85
17.14 16.45
16.94 15.13
15.71 10.68
15.13 7.77
17.63 13.63
15.00 12.03
15.88 13.90
10.99 11.60
10.24 11.35
20.95 15.77
6.61 1.52
16.03 12.21
12.58 6.13
13.47 13.60
13.72 9.98
17.43 18.70
15.05 12.12
17.12 15.22
16.13 12.47
8.29 3.32
17.80 16.14
20.80 17.88
17.02 13.73
10.90 5.78
14.82 13.48
14.06 10.63
14.76 11.05
18.69 16.90
12.89 11.60
15.19 13.26
10.34 8.11
16.23 15.81
14.64 11.58
16.96 16.96
19.83 15.10
3.88 -3.11
11.45 12.07
14.68 13.43
15.60 11.84
17.20 12.61
17.03 16.18
17.37 15.50
16.84 15.75
17.36 14.59
15.98 18.18
15.27 16.79
-0.67 1.82
11.00 9.00
17.02 9.69
18.44 14.28
18.39 14.68
15.99 12.18
14.63 12.43
15.79 12.37
5.84 7.03
17.45 13.61
14.43 13.07
17.11 17.20
17.02 18.68
18.94 14.45
18.23 14.51
18.19 15.30
16.32 13.41
16.61 10.12
17.16 15.64
15.16 10.69
14.32 16.49
12.76 11.56
18.20 14.39
4.78 2.45
1.29 -2.27
16.95 15.66
17.49 16.54
19.13 14.50
17.87 9.74
11.51 8.27
18.71 14.53
5.21 2.93
16.83 17.03
11.97 10.17
15.09 11.28
16.10 15.51
12.59 8.74
17.42 12.74
13.54 11.67
9.92 12.11
16.38 10.68
17.04 15.99
14.74 13.74
17.72 13.80
16.17 12.18
16.39 11.42
16.41 12.69
18.76 16.83
15.86 15.57
16.17 14.91
16.40 16.62
13.57 12.37
18.65 14.14
18.44 15.21
11.31 10.46
19.70 15.13
18.09 11.02
17.14 15.08
13.46 10.98
16.97 13.86
17.16 16.22
18.22 15.73
18.09 14.69
20.25 15.65
12.90 9.96
18.90 17.01
17.22 14.32
6.66 -0.20
18.12 13.29
17.04 12.26
15.54 6.73
18.18 15.87
16.04 13.34
17.34 12.41
2.20 -3.66
17.43 13.05
7.30 7.55
15.67 13.73
16.59 14.09
17.74 17.68
17.87 15.57
17.50 14.84
17.81 15.40
16.32 14.22
17.94 16.37
19.30 12.76
12.63 10.76
18.19 14.94
10.82 9.07
15.95 13.19
18.02 14.58
8.83 3.38
16.57 14.58
17.73 16.75
16.97 17.00
2.39 15.54
4.45 -0.66
16.77 11.42
18.48 15.49
19.54 15.43
17.33 15.12
14.70 16.80
15.03 13.68
16.75 15.49
2.58 -1.27
17.27 12.85
13.99 15.30
15.63 13.01
18.25 13.06
19.08 15.16
16.35 15.07
18.78 16.07
17.46 14.88
13.92 16.69
18.59 13.81
13.97 12.37
19.67 11.37
19.13 17.22
4.52 2.67
18.56 18.62
19.77 17.06
15.65 14.12
6.66 5.22
18.09 11.95
15.72 16.10
17.11 14.15
13.69 11.95
16.02 11.48
17.88 13.10
16.62 15.32
14.40 12.63
9.25 6.23
18.84 16.74
14.80 15.12
16.83 13.62
17.55 15.65
16.82 11.76
18.69 15.57
12.32 10.16
16.37 15.60
20.29 15.61
14.33 13.75
13.98 14.49
9.09 1.80
17.22 14.38
16.23 13.05
19.60 15.95
15.25 15.95
18.04 13.23
14.21 15.35
17.15 13.95
7.71 4.27
15.91 17.83
13.93 14.49
17.09 11.05
13.80 12.54
14.69 10.29
14.37 10.48
17.14 13.01
3.73 5.26
9.60 10.71
16.91 13.39
18.44 15.81
15.20 17.47
16.33 16.05
17.18 14.08
15.99 10.48
19.46 13.72
18.62 17.06
16.17 18.03
16.11 10.65
16.44 13.88
18.02 15.09
16.87 14.18
14.46 11.19
18.07 14.96
10.49 7.32
18.84 15.58
15.18 15.13
16.62 13.68
17.35 14.18
10.19 4.75
16.76 15.73
10.34 9.57
5.95 7.03
16.59 13.34
9.28 7.30
15.27 15.68
12.60 7.63
14.52 13.60
16.64 13.02
18.53 15.64
13.37 9.14
10.42 6.21
14.42 8.49
17.42 16.93
18.82 13.65
18.48 14.29
18.78 14.05
11.48 12.10
16.05 16.63
17.58 14.32
17.90 16.76
15.06 15.72
16.60 13.52
18.90 20.52
14.39 10.44
18.37 12.34
19.90 16.92
21.61 15.57
15.37 16.04
16.29 12.06
8.42 6.80
12.70 10.79
15.40 15.26
17.34 11.77
15.49 13.79
16.26 15.47
16.70 14.20
17.35 13.83
15.97 12.65
20.37 17.28
13.84 16.17
18.68 15.34
16.12 12.68
15.20 9.29
15.61 16.15
16.68 11.19
15.37 16.50
17.00 14.26
16.11 13.97
5.53 3.96
17.13 14.51
19.13 12.57
17.30 13.84
7.96 9.23
17.42 14.27
14.87 14.20
16.57 13.46
16.30 17.66
4.15 2.17
16.36 13.03
17.46 15.53
15.42 13.79
14.66 13.03
16.86 14.79
10.63 8.98
18.35 13.38
14.48 13.85
18.10 15.34
15.34 8.26
18.21 16.54
12.22 14.66
15.49 10.49
17.78 15.93
18.64 15.84
15.66 13.47
5.79 2.77
17.41 14.31
-0.72 -2.71
15.81 12.31
17.33 14.60
17.08 17.36
16.56 16.56
4.63 0.36
15.37 10.97
15.74 15.02
19.28 14.80
30.06 28.13
12.60 11.20
16.04 12.47
15.54 9.86
20.45 18.48
16.89 12.90
16.70 16.14
2.14 -2.05
15.65 14.50
15.29 14.69
14.92 11.93
0.42 -4.85
18.68 14.63
15.49 14.55
17.81 12.34
18.91 12.66
16.65 16.35
12.85 11.71
19.04 14.21
0.63 -0.60
18.90 14.25
19.56 12.04
18.12 12.47
17.66 12.99
15.60 15.16
3.60 -1.18
32.14 23.03
16.78 14.52
18.71 14.94
17.70 11.25
15.44 14.32
3.85 0.04
19.59 14.08
16.62 15.07
14.03 12.98
15.57 12.81
15.87 14.61
15.75 14.40
17.33 16.29
13.99 8.82
16.96 9.32
15.68 15.24
0.75 -2.57
18.12 13.67
18.48 14.62
17.39 11.84
16.95 14.57
7.72 8.15
15.70 11.43
17.58 14.17
8.66 11.65
15.32 15.70
16.64 15.68
16.43 15.17
14.95 15.30
13.89 10.18
17.34 15.22
23.49 14.63
16.28 17.09
7.90 8.92
-2.72 -2.64
13.85 8.08
-0.65 -0.10
18.58 16.10
15.85 12.43
15.97 14.03
18.00 15.69
16.98 15.23
19.17 14.23
19.22 18.15
17.58 17.72
17.63 14.19
18.57 12.55
15.66 15.92
15.53 16.02
18.90 14.82
16.16 14.43
15.68 13.05
14.60 14.51
18.62 14.89
9.66 9.68
12.57 12.47
17.12 13.90
14.68 11.47
15.75 14.74
14.49 12.36
18.53 13.35
15.19 13.84
17.80 13.44
13.64 12.58
18.63 12.01
16.64 13.00
13.55 14.10
16.36 13.84
15.38 14.42
6.63 1.81
16.76 13.12
16.12 13.70
20.06 15.72
20.12 11.88
17.24 11.58
16.07 14.01
14.07 15.89
17.23 15.44
16.10 13.82
16.88 15.00
16.90 12.89
15.85 13.06
22.71 15.41
1.64 2.64
16.64 11.64
13.32 14.24
16.44 13.92
7.23 -1.18
17.04 19.19
16.11 16.49
6.45 0.65
17.31 13.64
16.21 16.32
12.55 10.85
1.98 2.56
14.65 16.09
7.47 6.32
19.03 14.78
5.51 1.98
18.85 9.51
15.64 12.09
12.55 8.59
0.61 -1.19
0.42 2.07
16.98 16.26
16.33 12.47
12.82 12.81
16.60 14.93
14.70 15.63
15.52 13.66
17.14 15.90
17.38 12.74
18.84 11.22
4.91 1.66
11.86 9.46
11.46 7.18
18.42 18.82
19.64 14.24
14.66 14.46
14.64 14.33
18.90 17.36
18.25 14.71
16.36 14.72
16.34 16.30
18.73 10.14
18.73 19.52
18.86 13.40
17.07 17.49
17.31 17.92
19.25 16.10
16.96 11.51
19.04 14.41
16.33 14.36
17.58 13.74
17.20 15.84
12.56 7.31
15.00 11.58
12.51 11.26
15.60 10.73
18.57 16.10
16.03 9.71
5.32 -1.40
16.57 16.78
16.34 17.03
9.85 5.57
16.59 13.60
19.38 16.50
16.29 13.95
19.38 18.31
20.42 10.67
18.26 13.97
16.81 15.41
15.11 12.15
18.52 15.73
19.62 14.37
18.54 16.66
18.98 17.24
16.34 13.04
14.53 14.30
16.75 13.55
16.07 11.12
17.97 12.85
17.26 14.06
18.47 18.38
12.97 9.54
14.30 15.24
16.48 11.70
16.50 13.81
15.25 13.57
7.87 6.17
15.04 10.57
9.23 11.74
17.14 15.60
14.96 11.87
15.73 13.47
18.00 14.66
5.72 4.91
16.15 12.89
18.53 15.84
15.02 8.92
17.88 12.06
16.50 12.40
6.36 3.05
14.15 15.17
5.18 -2.90
14.14 13.12
16.34 14.41
16.21 13.16
15.52 13.93
16.21 13.88
13.55 9.95
16.20 15.19
11.15 8.48
14.32 13.74
16.74 16.26
15.79 17.68
15.54 15.65
18.46 14.70
17.81 13.17
17.21 13.63
13.48 13.31
17.71 13.08
15.98 15.87
16.99 16.62
16.82 17.25
7.16 3.03
6.91 4.76
16.72 14.39
18.49 13.12
-4.65 0.95
17.85 13.83
15.60 15.78
17.55 14.47
14.44 14.07
18.01 15.70
1.55 -3.85
17.25 15.90
4.33 -2.61
15.12 12.24
13.20 14.61
7.59 4.48
16.07 10.76
17.62 14.30
17.63 15.56
20.97 15.57
17.51 15.69
17.89 12.97
17.04 12.94
15.18 14.96
18.38 13.55
17.24 12.49
20.92 14.62
18.14 13.81
15.44 13.72
14.91 11.71
17.33 16.02
9.65 3.85
16.69 16.53
16.85 16.60
16.62 13.79
19.66 14.81
12.49 9.68
15.55 10.14
15.71 17.89
16.97 13.92
16.45 14.35
17.92 15.51
16.10 8.77
16.67 13.30
15.58 11.77
17.57 14.66
17.37 12.51
17.09 15.73
16.17 13.71
16.72 15.26
17.19 12.24
16.18 16.33
15.39 14.39
19.35 16.85
14.47 11.87
14.05 9.70
16.39 10.46
9.13 4.28
0.57 -3.80
17.95 11.59
10.24 10.37
16.83 12.35
2.10 -2.10
13.29 11.48
16.77 15.28
18.10 12.61
14.84 14.43
18.45 18.57
16.48 15.38
17.39 12.77
18.29 14.21
17.34 15.24
15.36 14.83
15.83 12.51
16.70 14.53
16.97 13.78
18.94 19.21
15.71 12.89
14.92 10.18
15.18 13.89
15.53 11.49
12.64 10.74
15.93 13.13
19.08 12.28
14.30 14.35
12.94 10.83
17.18 15.24
10.68 9.71
16.91 15.36
4.09 -0.32
17.49 13.83
17.32 15.02
19.27 14.06
15.93 16.44
16.65 11.55
15.14 13.01
18.05 17.15
18.92 15.87
5.53 3.55
18.69 17.35
15.37 13.47
10.81 6.32
19.00 12.85
15.60 12.33
17.29 14.09
18.12 16.03
14.81 8.59
6.90 8.65
17.92 13.53
17.56 14.40
17.36 14.09
15.28 13.94
18.10 16.64
17.28 14.37
18.67 13.66
18.17 19.11
16.58 13.72
16.73 8.40
12.28 11.22
19.80 17.18
14.21 10.46
11.77 9.59
17.17 14.29
17.15 14.81
14.91 13.03
15.30 13.90
16.57 15.01
17.51 15.53
14.77 14.12
13.62 9.67
14.90 11.94
3.14 1.87
16.51 14.77
14.82 17.00
17.76 11.28
16.88 14.57
8.69 4.61
10.71 10.03
14.11 16.79
17.82 14.15
16.68 13.06
16.17 18.47
15.87 12.89
13.94 14.04
11.10 10.57
16.11 13.10
18.37 12.11
17.33 14.97
16.53 16.25
14.75 14.85
14.94 13.75
17.33 13.54
16.76 14.55
16.76 13.49
17.44 11.51
6.50 0.40
16.80 13.11
17.55 14.48
15.46 16.62
17.02 16.34
16.16 13.48
16.38 13.08
12.54 9.97
19.03 16.58
15.16 14.88
16.51 12.44
14.41 12.05
11.50 10.20
14.96 13.02
15.36 14.90
16.96 12.90
14.67 12.25
17.60 15.46
17.21 16.38
12.09 7.81
16.56 15.32
13.92 15.54
16.64 9.89
18.10 13.48
14.67 10.09
18.16 15.89
17.70 13.31
17.41 16.63
17.60 13.46
16.02 12.33
13.82 15.03
16.42 13.55
12.75 12.94
16.66 11.29
15.06 15.20
15.37 11.48
16.74 13.39
16.20 14.24
15.16 13.14
12.86 12.50
17.72 16.71
16.04 16.27
17.58 16.18
14.58 15.24
13.93 14.15
15.62 16.17
15.93 15.49
15.66 11.46
19.01 14.33
14.88 14.87
16.54 15.48
9.64 1.46
17.45 15.70
17.71 13.05
12.88 10.08
18.39 14.86
17.21 9.08
16.25 14.18
14.67 12.41
17.39 12.92
17.78 13.98
16.14 13.79
16.27 12.08
20.54 15.53
14.83 12.72
18.82 12.85
16.28 14.24
7.71 0.16
16.10 11.71
14.96 11.23
16.83 15.64
19.34 15.28
12.63 12.17
16.95 16.44
14.89 13.76
11.95 9.94
18.50 13.72
15.68 11.69
17.94 13.09
4.54 0.12
16.84 13.60
15.59 14.33
16.78 13.77
16.51 14.18
16.90 12.33
10.24 9.29
14.45 14.63
4.04 0.70
15.56 15.12
18.15 14.38
17.33 12.62
15.35 14.34
9.93 2.44
17.76 16.24
18.63 11.75
16.07 17.46
4.76 2.62
13.56 11.23
15.85 11.89
7.83 0.72
17.83 14.18
13.22 13.41
18.08 15.71
16.80 13.87
14.65 13.24
17.83 14.84
19.13 13.96
18.65 13.20
14.90 14.83
17.08 14.84
16.25 13.20
17.09 17.43
16.71 15.14
16.13 12.06
18.41 12.47
15.70 14.04
20.80 16.86
2.54 -2.02
17.30 13.27
17.74 14.10
6.02 -0.95
15.38 12.87
4.99 1.28
15.77 13.59
14.83 14.67
13.96 13.92
16.66 12.07
17.36 12.30
17.54 12.90
20.77 13.58
15.42 15.89
16.57 14.93
18.05 14.64
13.10 11.35
16.68 12.32
14.99 11.71
20.21 12.98
7.71 4.80
17.29 14.83
17.48 14.84
17.12 12.91
13.75 12.66
17.57 15.22
15.52 12.31
17.72 15.36
13.45 10.91
13.03 11.55
16.77 14.01
18.10 12.33
17.35 13.55
16.98 15.17
17.37 15.35
18.06 15.01
15.75 16.01
7.99 5.70
17.28 16.89
15.93 13.41
16.88 13.09
17.80 14.53
11.15 6.50
15.95 14.64
17.43 13.19
12.94 13.60
17.82 15.37
18.61 13.26
16.46 15.30
22.29 15.23
2.70 1.02
18.29 12.87
16.77 11.81
16.28 14.19
18.97 15.44
17.24 12.39
17.16 17.77
15.10 12.08
17.59 11.51
14.55 12.23
19.13 13.26
16.32 12.69
21.74 15.49
11.91 8.70
18.98 14.88
17.99 11.64
14.52 9.70
14.59 10.75
16.32 11.93
16.53 13.54
15.91 15.85
17.68 14.36
12.60 6.04
6.78 4.65
10.16 5.97
17.41 13.95
16.91 14.36
15.89 14.04
14.59 11.61
15.91 11.21
16.23 14.30
16.75 14.96
18.23 16.46
18.00 14.29
17.38 12.91
16.90 14.79
17.95 15.04
-1.22 -2.46
15.31 14.77
15.16 11.62
16.51 17.10
17.96 13.78
17.03 14.72
3.46 -1.38
8.56 5.47
19.80 15.48
11.97 8.55
17.08 14.50
18.08 15.07
13.01 8.37
17.59 12.76
15.93 8.62
19.19 17.63
3.09 -6.95
15.69 15.91
17.07 16.02
9.84 7.65
17.52 13.36
14.06 10.23
15.33 10.55
17.68 15.61
15.05 13.74
17.49 14.14
14.13 11.95
16.93 14.67
15.50 13.26
18.29 15.07
17.69 16.00
4.25 4.96
16.88 13.14
19.53 18.59
-1.89 -3.11
14.88 12.86
19.16 13.76
15.36 12.15
13.67 11.90
8.22 6.58
15.82 12.23
17.67 15.68
14.41 12.68
15.03 12.05
6.07 2.55
14.52 13.90
17.25 10.44
18.25 14.44
15.98 10.58
19.64 14.52
20.14 14.23
18.93 15.18
16.99 10.82
18.91 13.99
14.44 11.62
14.72 10.86
17.31 15.34
10.16 7.01
4.52 1.70
20.56 19.56
15.42 13.18
9.00 5.55
16.70 15.16
8.73 6.32
14.68 11.39
18.11 13.86
15.91 14.07
16.43 17.34
16.01 16.14
14.69 15.26
17.63 14.36
18.86 14.18
15.71 15.17
17.81 16.83
15.85 13.59
14.05 12.12
16.92 16.04
16.98 13.03
17.67 13.57
11.24 10.08
14.28 13.67
13.81 11.86
15.18 10.93
18.01 14.41
19.40 14.85
13.50 13.42
14.81 15.57
13.08 8.35
17.97 15.94
12.01 15.60
16.72 15.27
16.29 14.38
17.59 14.84
6.54 -0.90
18.52 12.63
16.88 14.24
14.82 13.00
16.50 10.67
15.83 16.25
13.01 10.25
17.36 13.90
16.36 16.10
23.61 18.02
18.75 14.24
17.18 16.65
13.25 11.51
17.15 14.46
14.59 15.74
17.18 16.19
16.48 18.64
14.70 11.34
14.28 9.46
14.93 12.30
18.46 17.28
18.20 18.72
14.61 14.98
18.65 16.24
9.18 8.14
17.23 14.59
15.88 14.56
17.02 13.62
16.22 15.81
18.22 15.16
16.29 17.36
16.16 12.35
16.57 13.90
17.51 16.42
15.13 13.47
17.02 12.53
16.46 16.86
15.94 13.85
16.87 13.39
16.97 13.12
14.00 10.49
19.25 17.39
4.78 0.28
17.90 16.05
15.87 13.14
9.07 9.45
2.19 1.12
17.87 14.96
10.27 9.88
14.59 14.68
16.81 9.36
23.31 15.65
19.79 14.01
3.72 -0.54
15.32 16.14
17.78 16.16
17.47 18.17
7.24 6.43
16.37 14.56
17.43 11.48
16.54 14.32
18.51 9.89
15.71 16.56
14.99 13.79
15.86 16.58
8.59 7.17
18.21 14.06
17.51 14.06
16.51 14.53
17.80 12.29
19.29 17.12
13.11 13.09
16.50 14.46
17.34 16.87
11.93 5.26
15.99 14.86
6.06 1.65
15.24 11.29
-0.71 -2.81
17.09 13.52
-0.90 1.53
16.80 16.83
17.45 14.93
17.67 13.46
13.37 11.82
16.65 15.98
3.07 3.67
18.62 16.15
10.59 6.27
14.51 18.06
15.99 14.50
18.71 15.67
15.80 16.04
16.47 12.77
10.05 8.92
17.79 16.18
19.03 12.97
15.75 13.52
15.70 15.29
18.67 16.02
9.35 9.17
16.11 11.99
14.89 14.31
14.09 11.97
17.00 12.63
24.49 12.75
15.57 14.56
13.16 7.87
20.24 16.09
13.32 14.59
17.78 11.28
15.54 14.40
13.08 9.47
13.51 12.35
17.63 14.76
19.09 16.41
16.22 13.45
17.19 15.14
13.69 8.49
16.45 12.43
22.59 14.99
18.34 13.66
17.49 15.57
16.12 14.03
20.50 16.43
14.35 12.85
19.59 16.08
15.02 12.21
1.28 -3.81
13.88 11.38
18.86 15.97
17.19 16.33
18.45 15.49
6.92 4.85
14.73 15.60
19.23 14.42
14.32 13.66
16.34 15.77
15.31 15.99
14.92 15.52
18.40 15.31
14.78 12.27
16.40 15.81
18.44 14.50
15.15 16.86
14.19 15.91
16.31 12.79
4.81 -0.04
19.31 14.05
6.19 4.05
15.43 9.29
15.15 14.95
16.01 14.23
13.47 13.05
14.44 15.16
8.65 5.22
16.98 12.68
16.23 14.22
18.13 14.97
16.36 16.54
17.55 10.80
12.91 13.78
16.60 15.38
18.05 12.95
17.56 11.95
15.96 16.08
16.85 12.62
15.93 13.38
14.69 16.00
16.93 17.77
16.04 12.10
16.46 15.17
14.71 7.05
12.84 13.12
14.83 13.23
15.23 16.04
16.25 12.93
22.11 15.34
21.51 15.36
19.36 13.66
15.75 15.62
15.68 11.83
7.41 8.18
17.95 12.01
16.85 15.94
18.02 16.06
16.03 13.04
17.08 15.26
16.83 17.77
13.62 11.22
13.61 11.53
13.28 12.18
15.86 13.27
11.79 6.47
19.15 14.63
7.30 8.04
17.37 12.82
13.89 14.84
18.10 12.88
5.39 4.88
17.74 14.91
13.62 14.56
15.41 19.20
14.70 14.40
18.61 14.04
17.29 15.47
15.37 11.65
18.99 14.44
10.93 4.19
19.56 14.46
12.81 9.52
5.14 -4.03
14.54 11.39
16.67 9.65
18.54 12.84
17.19 14.16
16.61 13.93
19.64 16.92
16.76 13.68
16.10 16.64
18.02 13.37
17.63 17.84
15.74 15.07
16.72 12.58
15.08 12.90
15.83 14.63
15.35 11.48
18.85 14.24
18.73 16.91
18.06 14.84
17.63 14.63
17.07 17.67
17.06 11.31
17.96 15.31
14.62 12.92
14.59 11.37
17.21 15.29
14.32 8.31
16.26 15.33
18.71 14.11
15.95 10.33
18.55 13.86
15.47 12.78
17.72 13.46
16.01 12.31
18.06 15.87
18.12 13.74
19.21 16.85
8.27 6.13
17.07 14.02
14.99 10.28
16.56 13.40
17.10 13.19
18.38 14.30
10.30 6.02
12.44 12.29
16.50 12.93
16.60 15.40
14.49 13.17
17.96 16.64
9.82 7.45
9.34 4.49
16.05 16.25
16.48 10.90
18.48 17.08
16.57 12.49
16.68 16.99
17.88 17.30
18.27 15.10
1.56 1.94
13.49 13.80
15.63 16.89
3.85 3.60
17.70 14.52
17.02 13.70
14.64 14.86
17.94 13.48
18.73 17.31
16.65 13.34
14.24 13.79
15.21 16.03
23.76 17.23
18.47 15.02
4.77 4.47
4.82 0.52
17.30 15.72
16.01 13.55
15.86 13.86
16.18 16.61
14.44 13.75
15.38 13.64
16.06 14.36
14.95 11.14
13.21 9.97
3.47 5.40
14.50 10.53
18.26 13.95
18.33 15.16
17.12 14.19
16.36 12.30
17.64 14.27
16.94 16.37
15.55 14.84
18.25 12.16
15.24 15.74
19.42 14.86
17.87 12.57
18.42 15.46
13.71 10.34
4.71 -2.23
7.92 4.21
18.33 13.53
13.58 15.32
15.99 10.78
2.29 -9.05
18.35 12.80
17.10 15.88
12.08 12.75
16.07 12.43
16.49 14.91
13.80 12.05
16.11 13.83
6.00 3.49
16.59 13.95
15.28 15.05
19.89 16.15
15.46 13.55
20.22 15.07
13.51 14.01
12.52 10.79
15.29 13.57
15.04 14.29
16.28 12.14
18.10 15.39
18.06 15.65
12.55 12.31
14.44 13.93
13.45 14.45
3.59 -3.61
16.92 13.91
16.10 11.12
14.31 13.06
16.91 15.20
15.25 10.91
15.65 13.18
16.73 13.61
17.26 13.72
15.66 13.58
16.75 11.89
18.72 13.84
15.84 13.80
18.18 13.18
22.01 13.70
14.51 14.59
13.24 14.16
14.52 8.60
11.54 9.36
11.53 7.47
19.81 14.80
17.92 11.81
16.79 15.28
19.38 14.96
16.57 14.20
16.06 11.08
16.78 16.24
6.23 7.06
0.71 -6.55
18.95 14.69
11.52 10.95
10.90 5.15
15.57 14.48
15.89 13.11
16.35 13.52
1.04 -4.42
20.14 15.58
16.42 15.79
14.38 12.90
17.53 16.45
12.73 12.93
16.43 13.03
17.27 14.88
17.07 14.14
15.70 17.21
14.27 11.79
17.21 14.98
18.01 12.89
19.22 14.09
15.57 14.47
10.66 8.92
15.74 10.85
16.70 14.58
16.57 14.69
14.00 12.25
14.21 13.54
9.45 6.05
16.03 14.76
15.41 15.02
16.54 14.96
9.02 7.02
12.56 12.76
13.78 10.16
22.00 14.10
19.40 16.06
9.50 6.46
14.21 13.50
6.18 4.26
19.08 14.06
14.63 12.98
16.37 13.17
18.71 14.04
9.33 2.10
16.82 14.81
14.47 12.47
19.49 11.10
14.68 13.34
16.53 12.69
17.98 13.08
16.07 10.13
14.85 10.80
15.91 12.58
14.61 15.18
14.97 12.58
17.60 14.85
14.29 10.06
18.30 14.57
17.37 13.24
16.75 16.13
5.47 5.16
17.06 13.07
17.19 12.57
17.61 14.00
17.52 15.50
5.94 2.21
15.52 14.26
15.49 12.40
12.79 12.22
6.14 7.07
17.57 15.25
17.92 11.80
16.81 13.03
12.24 9.81
12.10 10.43
15.95 10.95
19.45 13.04
16.93 15.88
16.92 13.08
17.07 17.25
15.77 14.36
19.62 14.70
17.71 13.10
17.97 12.44
16.32 13.90
18.30 15.09
9.90 4.62
16.66 12.71
16.98 12.89
16.85 15.75
11.33 8.89
12.76 10.73
19.03 12.93
16.23 9.93
13.62 14.12
14.72 15.20
19.96 15.12
20.83 15.73
18.09 15.97
16.46 14.04
16.22 16.36
17.99 15.97
13.48 13.83
15.15 15.21
15.94 16.99
19.36 18.18
18.78 16.48
14.81 12.68
16.61 13.61
8.89 5.05
15.95 11.63
16.19 12.49
7.18 5.36
15.39 12.90
15.61 14.18
18.71 13.93
12.90 7.78
13.61 11.29
16.26 16.15
4.09 0.84
14.79 11.59
1.38 -1.42
18.93 12.21
16.11 11.52
17.38 14.20
12.11 13.49
16.80 15.74
15.02 13.26
18.98 15.75
16.44 15.12
17.28 15.55
17.18 14.01
17.26 15.14
15.94 16.51
16.13 9.05
17.89 12.92
16.80 15.68
17.61 12.66
2.18 -2.46
17.10 14.80
12.30 10.20
4.30 2.99
16.08 15.90
16.57 15.16
20.77 14.49
16.12 17.20
12.34 8.90
17.14 16.28
14.50 11.64
17.03 14.75
-1.62 2.64
16.69 14.24
16.15 11.52
18.52 14.35
19.90 15.13
18.72 16.26
19.23 16.45
12.88 10.99
21.35 14.96
1.99 1.09
18.08 12.72
7.98 6.30
18.98 13.88
17.83 12.88
14.91 13.02
15.05 12.65
15.60 16.61
17.83 13.56
17.06 17.19
19.69 13.05
17.43 16.67
16.24 17.34
15.47 13.10
4.82 2.21
11.63 9.36
16.64 16.02
15.28 12.79
15.67 12.89
17.75 12.79
18.18 13.86
18.93 15.71
8.96 7.44
15.99 15.24
18.41 16.58
17.49 14.41
16.21 17.35
15.60 13.02
13.18 13.95
13.27 9.94
9.78 7.23
12.69 12.01
19.76 13.29
11.79 10.08
11.65 11.32
15.63 14.18
14.94 15.90
16.95 14.36
8.76 5.77
17.42 12.85
12.39 8.79
14.60 15.61
17.15 12.75
17.65 13.09
-1.40 -2.54
11.54 5.31
12.55 9.80
18.26 12.26
16.55 16.55
8.96 7.50
17.89 15.63
17.88 14.09
16.21 16.11
17.28 10.52
16.93 13.89
9.50 4.75
18.96 15.21
14.64 11.46
16.26 14.34
17.41 13.93
17.04 13.46
18.43 12.05
17.08 10.98
14.49 14.00
12.14 9.04
9.58 12.74
14.82 15.27
15.31 11.25
14.54 10.19
17.11 15.33
16.80 12.24
0.74 -2.76
15.61 15.75
4.35 1.88
17.88 14.63
8.19 8.84
15.41 10.09
15.90 13.26
17.82 15.15
17.76 14.84
15.58 16.20
18.11 15.57
15.93 13.80
19.66 15.47
14.64 10.63
7.28 2.04
-3.16 -2.72
18.71 15.64
14.81 13.98
12.65 13.25
10.19 7.70
19.07 16.57
17.03 14.74
16.11 12.84
16.25 16.31
13.27 11.09
15.55 11.94
16.13 12.75
4.83 6.66
16.38 16.52
14.23 13.27
-0.65 0.26
19.05 14.25
18.20 14.42
18.12 14.55
9.53 8.86
15.69 11.28
17.66 13.01
17.50 12.81
16.21 14.13
17.29 12.05
22.41 13.84
17.31 16.92
16.99 15.27
17.16 14.91
17.65 11.74
2.71 -0.41
6.36 3.88
17.39 13.45
13.19 6.33
6.08 6.22
16.82 14.54
17.02 14.16
18.28 13.49
16.73 12.14
18.01 15.14
15.39 13.28
16.52 17.69
13.02 11.57
17.76 14.59
17.41 17.07
11.68 12.24
19.28 16.69
14.70 15.14
13.49 12.91
18.64 12.33
18.79 12.73
16.22 12.15
18.67 15.35
17.25 16.77
18.25 16.15
18.23 12.56
9.71 6.86
19.85 15.94
15.02 15.12
14.13 12.24
19.61 16.81
17.88 13.45
1.86 -2.02
17.41 15.05
15.78 10.41
13.35 10.95
7.23 1.77
2.04 1.72
16.48 12.64
15.22 15.15
17.18 14.23
20.27 15.19
18.21 13.97
-5.91 -0.71
0.54 -1.03
14.96 11.55
1.37 -5.24
16.18 14.30
15.55 11.88
0.63 -3.09
17.11 11.55
13.51 10.59
19.10 14.44
15.01 13.11
16.10 15.00
18.07 12.64
16.66 15.62
15.08 13.86
19.37 15.47
16.82 12.37
14.48 11.15
14.92 12.23
15.86 10.21
16.00 14.56
15.84 12.98
9.17 9.76
7.62 7.59
19.31 15.42
17.75 12.84
14.42 14.16
8.67 7.31
15.58 13.99
11.90 10.42
17.73 14.09
13.44 10.75
6.78 0.50
4.16 2.19
10.22 3.79
14.20 10.86
10.27 9.06
7.85 4.42
15.44 14.06
15.49 11.82
16.57 13.18
16.89 14.88
19.78 13.16
15.98 13.80
15.14 15.78
20.06 20.84
17.55 14.04
18.44 13.91
3.52 3.10
10.32 13.69
20.09 13.10
15.24 15.65
15.26 13.24
19.25 17.12
19.09 14.05
16.66 15.09
15.27 15.02
1.50 1.00
16.24 14.63
20.37 15.05
17.16 14.33
16.73 12.11
12.79 12.71
17.99 13.47
17.13 13.68
18.32 13.59
17.03 12.47
15.99 13.87
12.61 7.21
14.20 9.15
19.88 14.85
16.36 16.80
15.50 14.14
11.04 9.27
15.80 12.67
15.08 10.52
10.78 10.67
18.86 15.20
17.47 13.90
4.67 3.21
17.26 14.40
16.60 14.28
17.44 13.21
19.09 12.30
19.80 12.65
14.52 12.90
16.11 14.02
16.92 13.84
14.09 13.58
16.97 16.68
13.40 14.47
13.72 12.69
5.57 5.80
19.85 14.17
0.14 -2.67
19.12 14.22
16.42 16.74
-2.40 0.75
19.62 16.61
17.23 16.17
17.98 16.25
16.98 14.90
12.66 6.16
15.19 14.09
12.97 13.33
15.70 15.85
16.50 11.26
17.41 14.53
15.56 12.99
15.81 12.40
12.30 10.54
17.79 15.76
19.76 13.24
16.57 14.44
19.40 16.16
17.43 14.40
15.90 14.35
14.89 13.16
18.27 14.30
17.15 13.44
15.81 10.92
-4.35 -0.23
2.99 4.71
3.94 1.97
15.97 16.22
14.78 11.91
16.99 16.37
15.85 16.89
16.62 14.21
15.00 14.81
16.81 14.80
13.79 14.78
15.50 10.99
19.29 17.58
17.44 10.73
12.00 11.57
16.19 13.07
15.92 14.11
9.96 9.48
16.94 14.37
14.65 10.78
8.82 5.44
3.38 -0.64
13.62 9.95
15.87 15.57
18.64 12.97
16.56 14.41
15.99 13.19
17.36 15.27
14.95 15.28
9.91 6.16
17.09 15.74
16.82 13.26
14.16 11.78
16.71 12.72
18.20 17.91
15.28 14.19
16.70 18.42
10.60 10.64
17.03 13.43
18.68 14.17
14.03 14.75
17.11 14.32
17.81 12.59
16.87 14.83
7.83 6.12
17.74 14.60
9.74 3.75
13.07 12.57
13.42 11.55
15.30 12.50
17.78 16.09
18.28 15.02
16.18 11.95
13.26 12.25
19.25 16.24
17.88 12.76
7.11 -0.53
10.95 4.93
12.28 9.32
17.44 15.37
14.13 13.23
17.57 12.37
16.02 13.40
18.27 18.50
11.70 10.58
14.45 8.79
8.56 4.28
14.85 12.00
3.60 -5.18
19.62 14.89
16.34 12.10
18.97 16.36
16.70 15.37
8.69 8.01
8.78 8.98
9.86 5.93
16.89 13.49
14.59 13.39
13.19 11.57
15.68 11.48
14.81 14.66
15.75 11.25
17.17 14.57
17.67 18.46
9.59 6.06
15.64 10.07
15.94 15.12
21.05 14.83
13.11 13.31
17.70 12.59
6.17 -1.13
17.29 18.27
14.08 9.48
14.39 12.04
15.76 13.87
15.08 12.85
13.56 12.48
7.06 4.59
20.09 15.36
17.58 17.58
8.12 6.27
15.84 12.87
11.61 8.64
18.40 13.66
12.78 9.42
15.59 11.80
15.80 11.35
19.48 13.99
17.00 12.24
3.93 2.53
17.51 15.10
14.81 15.65
12.72 11.96
18.65 13.44
15.11 12.85
16.36 11.90
20.19 15.45
17.52 13.34
20.56 17.54
18.94 13.95
16.01 14.44
16.72 15.06
12.22 12.23
15.40 13.11
14.39 12.28
19.89 13.81
5.66 1.45
-0.40 0.22
17.29 16.82
7.73 5.43
8.79 7.18
16.18 14.52
8.75 1.36
15.05 14.94
14.13 15.88
15.52 11.67
17.14 13.80
17.52 11.65
9.06 5.87
16.55 13.36
15.73 14.62
15.07 11.67
10.97 6.00
14.60 11.64
13.96 15.94
15.57 14.17
19.12 12.55
16.68 14.15
20.05 16.57
15.25 12.33
12.14 10.65
15.67 17.06
17.02 12.33
9.22 4.77
13.34 12.94
16.55 14.73
17.18 13.39
15.66 14.50
17.37 14.38
15.73 11.88
18.95 17.50
18.00 14.88
17.79 14.28
18.02 16.26
16.38 14.64
18.73 16.08
18.33 16.15
12.37 11.50
0.93 -1.14
15.00 13.63
7.83 7.02
7.06 2.24
15.10 11.79
15.05 13.73
14.33 13.17
15.11 13.80
17.74 15.15
13.55 11.53
3.01 -2.42
18.20 16.27
14.39 11.28
17.77 12.92
15.97 11.81
17.09 14.92
17.24 11.95
2.78 0.60
2.83 -3.25
16.18 15.48
15.54 13.47
14.42 15.80
16.55 15.74
3.26 4.93
10.31 6.89
16.35 15.07
18.14 14.90
15.74 14.11
16.74 14.23
15.18 12.79
18.70 16.55
15.47 13.38
15.47 15.26
18.60 12.80
18.52 15.78
17.42 14.87
16.87 12.99
14.26 14.84
15.78 15.73
18.82 12.81
16.79 12.83
11.34 5.85
16.70 13.16
17.74 14.55
14.60 10.20
12.32 12.44
17.00 12.12
18.87 14.23
20.40 18.43
18.59 15.23
15.76 13.79
15.39 12.02
17.63 12.24
15.20 15.12
20.23 15.76
15.64 13.85
18.80 13.59
13.34 14.23
11.85 9.45
6.44 2.70
19.08 13.92
15.89 15.40
10.12 10.73
16.70 12.19
18.39 19.14
22.94 16.74
15.05 13.53
19.04 14.41
15.48 13.50
7.65 7.58
11.01 9.10
15.52 10.60
18.20 11.12
16.72 15.56
18.35 14.23
12.80 12.91
16.52 11.13
15.80 12.04
13.13 12.05
15.42 12.46
16.49 14.20
14.30 10.45
18.46 12.44
18.30 12.97
16.82 15.52
16.20 16.40
17.41 16.96
16.40 15.30
18.12 13.93
16.02 14.53
16.07 12.73
19.18 17.38
18.42 14.12
18.98 13.39
17.41 16.91
15.41 16.01
13.74 9.64
17.11 11.60
19.69 14.35
3.19 0.98
17.13 14.30
14.49 14.49
14.44 14.34
2.82 -0.20
16.43 15.45
19.06 14.11
16.48 12.09
16.98 14.46
13.84 10.58
19.46 17.88
16.42 15.31
14.84 11.84
17.60 14.13
15.42 11.55
14.89 14.54
18.71 14.63
16.77 13.13
18.12 13.90
14.75 13.75
15.76 15.03
8.39 3.47
-0.82 -2.57
16.08 12.80
13.53 11.12
16.05 9.49
19.52 14.05
13.26 16.04
16.57 13.54
16.35 10.80
15.73 14.04
14.43 8.94
19.06 15.94
18.64 12.31
17.03 15.64
5.70 -2.26
10.25 7.80
15.08 11.63
16.00 13.94
17.56 15.61
12.09 10.21
15.99 15.69
15.55 13.86
17.13 14.77
7.53 6.15
7.73 8.57
18.50 15.17
18.39 15.10
14.50 14.59
18.21 12.63
11.93 12.25
15.15 13.25
17.95 12.53
13.63 12.12
15.75 14.77
8.30 4.06
9.03 6.10
17.55 14.50
14.69 16.40
14.68 17.59
16.54 13.08
17.67 14.72
5.94 -0.64
15.21 14.89
18.05 13.30
14.82 10.22
14.99 15.63
7.68 8.26
16.49 12.45
15.83 13.43
13.98 10.60
16.39 11.89
15.86 14.16
18.57 12.85
18.13 11.39
13.42 14.95
17.74 15.61
17.97 17.05
16.91 15.02
16.43 13.34
18.06 12.57
16.07 12.94
14.84 16.83
18.40 13.07
16.15 10.86
15.94 12.10
16.37 13.16
17.16 15.07
12.07 11.05
17.88 10.82
4.89 2.90
15.28 15.24
15.22 15.84
18.49 17.47
17.85 14.83
18.82 16.65
9.94 12.11
17.31 12.93
16.80 12.64
15.15 13.84
16.58 15.43
15.67 13.57
20.41 16.75
17.78 13.59
14.11 13.32
14.53 11.16
17.79 13.63
18.90 12.83
15.11 12.50
6.60 4.77
18.21 15.72
14.19 12.43
16.61 16.21
16.52 14.41
18.09 14.36
12.89 9.90
17.36 15.19
0.50 -1.03
17.62 12.62
7.55 -9.19
17.12 14.69
16.17 14.80
14.94 13.14
18.29 14.80
13.77 11.76
16.15 14.49
18.30 15.02
13.06 10.75
14.76 11.08
16.13 14.04
18.93 17.51
17.20 9.86
12.92 13.09
14.38 12.88
14.15 12.38
15.05 14.09
14.11 10.99
15.08 16.37
17.18 16.18
11.57 13.14
17.84 13.31
16.18 13.57
16.17 15.95
16.91 15.01
12.17 9.13
15.24 12.86
13.20 11.79
16.16 12.33
13.34 14.21
17.01 13.33
17.70 18.76
14.89 16.27
16.67 14.95
15.64 13.76
13.18 9.81
16.83 16.44
11.38 6.93
17.63 13.68
15.61 13.08
17.31 13.53
13.99 8.20
16.08 11.28
14.65 12.97
14.81 12.18
17.78 13.23
18.07 16.72
16.11 14.60
21.37 12.99
20.41 13.10
19.15 14.61
11.74 6.10
16.41 10.70
19.06 14.95
15.39 13.75
18.01 16.93
18.51 14.41
16.75 14.78
15.04 14.06
18.12 14.44
18.16 12.85
18.63 13.73
9.44 -1.34
15.08 12.53
19.08 13.45
20.08 16.08
8.89 8.48
16.59 12.99
11.07 9.45
7.53 0.72
17.94 14.37
11.51 7.93
17.51 16.59
18.79 12.40
2.65 3.20
14.89 16.39
14.83 12.25
16.96 14.13
20.23 14.81
18.38 16.12
16.33 16.87
13.84 13.19
14.28 12.53
10.52 8.49
19.68 11.42
3.40 4.28
16.59 16.16
18.11 12.53
15.52 15.38
15.48 13.06
16.71 13.87
18.75 19.62
17.48 15.28
15.86 14.12
17.48 10.84
18.16 7.65
16.05 16.04
16.18 13.44
16.20 10.67
17.71 16.98
16.32 12.98
17.58 11.94
17.17 12.91
15.50 10.73
20.02 17.34
20.82 18.29
18.39 18.06
17.83 19.49
19.48 13.83
14.85 12.10
17.27 16.98
18.34 12.21
15.45 14.48
18.48 15.49
18.15 14.56
18.44 17.05
15.83 12.84
14.43 10.63
16.54 14.05
15.24 10.54
16.75 12.60
18.57 17.07
18.51 12.21
17.25 17.29
17.22 13.78
16.50 11.45
20.44 19.70
16.34 14.51
18.57 15.26
18.89 15.13
10.06 11.59
14.01 11.61
15.53 13.51
15.25 12.74
15.34 15.68
16.98 15.34
18.18 13.90
17.89 14.04
15.84 11.79
10.29 9.54
9.79 6.87
18.32 13.76
7.22 2.52
15.54 17.61
7.04 0.12
22.20 15.90
20.31 14.34
16.22 12.12
16.66 14.03
17.01 12.32
15.57 16.75
1.80 -0.75
20.63 16.09
14.26 13.51
14.55 12.67
22.00 16.96
16.84 15.79
9.17 5.78
15.49 14.38
9.67 4.20
16.57 13.91
16.03 15.24
13.27 11.42
18.95 15.33
13.34 10.94
15.61 11.81
16.26 15.28
18.00 14.23
16.58 17.26
18.24 15.60
11.73 8.98
12.08 12.26
16.50 15.63
16.62 14.65
11.98 9.11
16.30 12.01
17.74 14.53
11.36 6.10
16.21 18.47
18.07 18.48
18.24 15.48
15.54 13.78
20.29 15.23
15.00 10.52
9.44 8.30
19.91 16.08
18.73 13.89
13.12 6.48
16.52 11.08
18.96 15.50
6.75 -0.02
15.09 12.79
17.57 14.28
13.83 15.29
19.39 15.79
0.90 -0.41
12.07 10.97
15.92 15.03
17.87 15.22
18.52 13.08
16.29 15.63
10.63 11.06
16.25 14.51
15.66 13.41
15.40 16.11
16.84 15.40
15.88 8.79
14.22 11.74
19.94 18.43
16.84 13.78
13.54 9.98
17.62 15.06
13.74 12.57
14.25 11.34
18.34 13.02
17.29 15.30
15.46 14.18
13.95 14.38
17.02 17.04
7.33 1.96
17.45 13.31
18.88 15.26
16.74 15.79
18.26 13.95
17.78 13.30
1.09 -1.33
17.42 13.10
7.05 3.71
18.97 15.87
15.46 13.89
18.93 17.15
15.83 16.12
16.24 14.45
17.96 16.48
18.38 14.41
0.68 0.00
18.42 14.73
9.61 9.61
16.15 14.33
17.16 16.33
16.57 9.82
9.04 5.32
6.24 2.33
11.34 7.26
18.91 14.41
15.79 12.73
12.69 3.71
14.23 10.83
16.31 13.66
10.13 8.66
16.75 14.61
6.72 3.53
18.94 12.41
17.80 14.74
15.72 14.06
18.62 13.96
6.79 3.14
16.28 15.33
17.65 14.97
15.85 12.19
17.60 12.47
17.43 14.42
17.16 11.99
18.68 17.61
16.08 11.97
16.53 11.76
17.62 13.68
15.67 17.18
17.67 14.76
15.30 14.03
15.71 12.66
16.61 14.75
18.05 15.47
15.57 14.72
15.75 12.63
17.78 16.53
17.48 14.14
15.73 14.13
19.26 13.55
4.76 2.60
15.53 14.56
17.21 15.42
16.80 12.45
15.89 10.13
18.13 14.16
7.54 8.92
15.69 11.74
6.41 1.12
12.45 8.43
16.55 14.16
9.98 7.25
16.91 13.26
14.59 11.98
17.76 13.18
17.78 14.34
14.89 13.77
13.31 15.30
16.73 13.63
18.23 15.67
0.19 -1.32
3.01 -1.22
16.55 15.11
-0.56 -3.27
15.62 14.91
15.58 14.76
